44707
30302
20039
18158
61866
166
38651
27078
30545
33164
17585
58189
55764
4001
15693
50895
32364
7564
64251
38194
11986
61131
34334
14966
11413
10501
7724
2364
23158
10521
14152
23374
25784
31491
12851
46776
7556
60325
54851
56498
14291
12256
11175
2043
63357
19913
56745
39752
50555
8968
64039
19077
25535
44446
36119
7603
2856
34634
18625
37072
19765
2945
24701
52921
54589
54731
15867
21550
40160
22887
41358
41786
28172
5248
57417
243
25582
42566
21649
5512
51719
45091
57876
37694
60221
64151
55499
12272
22851
26223
10305
58152
25226
32827
56956
53608
7766
41709
43137
48781
14281
44514
59748
44865
5304
19416
28224
15816
12240
14903
8952
57075
23579
61947
46759
37007
52411
9489
37846
54981
15988
17472
56165
51692
56248
7662
2274
19318
21067
60510
15235
17358
39231
3583
63202
32353
18479
11214
64720
62114
27192
49744
15896
43970
24167
54821
21459
24212
19503
50044
10470
17376
14985
9991
19331
40532
46910
21689
22760
60290
50603
26399
10098
52400
20493
34356
63139
23286
60127
63706
61713
52340
55294
29833
61079
12882
53568
49881
20764
7108
59746
16550
26594
22862
12549
19217
21360
5395
47909
41518
46122
21597
53297
19123
13880
48612
62168
23989
16901
27668
50098
3805
57928
4742
23434
52783
45309
59608
64372
39608
43952
57862
3893
33666
62654
2267
32038
32964
1156
35988
23324
42088
45722
42364
37042
41615
39370
48324
1181
2537
45914
2735
41625
2823
13681
49054
9881
15814
49754
43277
41931
34141
40748
7215
28238
51831
28875
13004
61701
34436
29640
27482
64263
40547
40087
34505
7905
24191
63914
6303
32348
56818
17731
19720
30315
41364
10296
40828
39910
16900
19373
35083
26790
38927
10525
22912
65528
5975
21501
8436
39896
43849
33510
62864
61089
42238
13550
65130
59316
2947
63305
56858
46658
44477
28539
4785
24824
27740
12830
23837
21642
28436
42725
2558
8313
318
47027
31483
12105
32912
35880
54827
43053
23016
49263
62572
65157
62712
61134
19413
50588
37629
8598
12265
38368
56179
37184
14625
42972
34665
3038
22894
25777
57005
21278
57123
35533
54050
24873
61534
53919
62180
37254
10034
34022
9353
53857
2732
57837
38021
43735
13101
3711
53228
43687
62652
27633
55307
49872
59982
53569
8474
16318
3252
12439
14528
59166
30718
1596
28445
5494
11177
41643
48254
5214
21315
32731
11289
23434
50084
26738
10403
6986
42624
18905
18815
12740
24689
43733
43461
52462
8676
4235
11832
35637
25100
11934
47832
50759
26628
7599
62475
8569
43409
31093
2000
3909
41843
55225
47839
46039
62338
62485
43345
9377
61877
41509
18372
42824
40975
18248
54836
1948
38220
59406
8246
50263
22685
51016
30441
53631
63064
9211
18651
10892
21364
59344
9088
46696
28963
55910
24797
35298
36729
32527
53529
57774
33471
1259
8400
17023
53061
59433
4469
15099
19110
60248
7187
22650
55184
26790
31594
37018
30167
44495
7731
56924
34855
57666
50356
13565
1968
54806
21820
60902
42782
51212
40778
59309
11405
4487
57782
42336
31061
60832
50807
45550
35500
16439
58399
47841
11935
64322
46819
7696
47035
27524
43817
9619
63903
26868
28590
15090
5179
17422
12835
48678
53390
7477
41928
49633
40063
29780
25962
14699
53198
6702
51768
16675
26287
33105
2921
10541
29191
21511
52590
65200
57076
40275
50025
11661
35637
28760
46152
63821
15939
45912
25543
40411
54428
28981
33309
20830
6256
37763
33729
11714
7430
39456
57672
21762
4093
46307
49590
41201
20830
1703
59983
408
48596
48405
59071
17363
3275
62145
28688
26787
50433
54949
8478
22042
56204
62156
26333
21013
59402
1768
30598
6035
60554
22679
19117
49613
32617
2052
31426
31706
18916
7286
44858
17563
23388
64973
45231
55891
42313
34965
61108
27731
61869
49692
57580
43456
47371
33456
63397
33818
1832
60424
12157
48313
22199
8470
17261
54937
2199
7688
56410
55286
30187
39710
58390
40678
19746
2325
30061
31884
52981
24800
10478
19211
62784
25006
682
60874
33747
50274
10947
39395
4509
24815
60391
45539
53139
50490
34473
61569
46528
36214
28604
55822
53923
1822
18920
12587
15523
10711
4452
61722
60584
9026
63755
31512
28416
33526
1296
36125
39204
12848
5690
18401
10234
43787
35555
32273
44435
46686
65050
25711
57012
1139
8357
24412
38834
22490
56995
47607
10977
10073
26348
7566
36340
43829
24045
44031
12934
13004
11732
62941
38339
24127
34850
30666
33415
28075
8200
11004
1986
27649
62507
13085
61479
49884
12365
18777
38597
27432
9390
12009
59944
9425
17449
61357
31389
6419
27024
41162
25292
23831
38144
20448
4501
34371
50984
14127
11369
49357
1923
26952
10121
47441
39565
55088
53244
46123
44021
25052
55395
31343
17029
26628
4101
56727
59143
43808
123
47767
14114
51190
2698
8154
14308
34835
50449
57645
35044
25483
25859
51033
49723
49884
1579
3069
13698
413
3164
30904
37120
40555
43439
22586
28199
50571
13837
37788
5750
50368
20348
27470
54890
54540
3140
25259
65187
44148
9152
6492
8702
52961
8994
52585
50159
44500
18694
13339
2833
46693
57067
6147
35806
51992
44216
41677
29731
42969
51101
12909
50007
48071
8371
52408
25205
11834
9070
6422
3412
8669
19539
3241
24754
24840
23231
58316
28068
13684
31640
18949
42195
15195
62135
54303
22343
4406
3767
12305
47369
8091
1908
37095
26410
64475
65330
15716
28959
57939
58694
33426
22001
25432
10890
351
12907
16740
12620
37128
49291
6658
31966
54040
61109
58142
62328
23160
46109
63266
2093
54580
35081
44514
59274
9416
59088
33000
10075
60493
47025
62679
30587
14068
253
295
59081
40636
26292
45994
28538
47567
63432
33054
6551
13813
42196
25794
11567
27039
22669
46019
55644
23904
30289
51359
30003
41711
9326
57848
28149
1605
45638
12197
64135
52066
41324
48216
21252
13611
43720
19282
11518
1376
64716
47730
38757
39620
49476
31345
52771
31821
43506
28926
16687
40659
16968
48352
20061
60349
65532
8840
13599
42893
12475
33284
59534
54346
21678
40185
55794
54451
17857
38242
32939
33505
34716
10520
4298
25179
30119
23123
13414
18928
22359
16411
57259
31252
49785
44504
32457
56777
59984
15298
27200
46971
63789
2006
42868
45908
36657
4109
54985
18827
20058
5983
34115
65088
8397
30041
25719
63356
63169
8350
40802
60750
52008
54266
50269
56627
26275
23667
36227
41629
3655
35446
19606
12098
43122
64428
65435
22273
5202
13699
23685
20469
36165
58906
56799
